,Unnamed: 0,geo_h3_10,avg,population,Автозапчасти для иномарок,Авторемонт и техобслуживание (СТО),Алкогольные напитки,Аптеки,Банки,Быстрое питание,Доставка готовых блюд,Женская одежда,Кафе,Косметика / Парфюмерия,Ногтевые студии,Овощи / Фрукты,Парикмахерские,Платёжные терминалы,Постаматы,Продуктовые магазины,Пункты выдачи интернет-заказов,Рестораны,Страхование,Супермаркеты,Цветы,Шиномонтаж,mall
0,0,8a10c2288adffff,2961.333333333333,675.0,,,,,,,,,,,,,,,,,,,,,,,0
1,1,8a10c228944ffff,2963.333333333333,321.0,,,,,,,,,,,,,,1.0,2.0,,,,,2.0,,,0
2,2,8a10c22898f7fff,14452.166666666666,,,,,,,2.0,,,1.0,4.0,,2.0,2.0,6.0,,1.0,,,,4.0,,,0
3,3,8a10c228a6a7fff,6947.0,528.0,,,2.0,4.0,,,,,2.0,,,,,,,,,,,,,,0
4,4,8a10c228b96ffff,5670.666666666666,120.0,,,,,1.0,,,,,,,,,2.0,,,,,,2.0,,,0
5,5,8a10c229128ffff,11998.833333333334,,,,,,,8.0,2.0,25.0,4.0,2.0,,,,,,1.0,,2.0,,2.0,1.0,,
6,6,8a10c229825ffff,12009.166666666666,,,,,4.0,,6.0,2.0,35.0,3.0,6.0,2.0,,,3.0,2.0,,,,,,1.0,,0
7,7,8a10c2299bb7fff,1432.5833333333333,337.0,,,,,,,,,,,,,,,,,,,,,,,0
8,8,8a10c229a607fff,2478.5,418.0,,,,,,,,,,,,,1.0,2.0,1.0,,,,,4.0,1.0,,0
9,9,8a10c229bb1ffff,14849.083333333332,,,,,,,1.0,3.0,95.0,3.0,10.0,,,,2.0,,,,4.0,,,,,0
10,10,8a10c229bc1ffff,10876.333333333332,394.0,,,,2.0,1.0,2.0,,13.0,,,1.0,,,3.0,,,,,,,,,0
11,11,8a10c229d077fff,7527.0,931.0,,,,2.0,,,,,,,,,2.0,,,,,,,,,,0
12,12,8a10c229d107fff,13572.0,,,,,2.0,,3.0,,28.0,,7.0,1.0,2.0,,6.0,1.0,,,,1.0,,,,0
13,13,8a10c229d84ffff,10656.666666666666,,,,,2.0,,,,,,,,1.0,,,1.0,,,,,2.0,,,0
14,14,8a10c229e237fff,11835.666666666666,,,,,,1.0,2.0,,8.0,,3.0,1.0,,,3.0,,,,,1.0,,1.0,,0
15,15,8a10c266d89ffff,16788.166666666668,,,,2.0,,,6.0,,14.0,,2.0,,,,2.0,,,,,,,,,0
16,16,8a10c266dc47fff,9539.5,1080.0,1.0,,,2.0,,,,,,2.0,,,,2.0,1.0,,,,1.0,2.0,,,0
17,17,8a10dc91091ffff,12485.166666666668,57.0,,,,,,,,,,,,,2.0,,,,,,,,,,0
18,18,8a10dc91e0effff,5314.666666666667,,,,,,,1.0,,4.0,1.0,1.0,,,,,,,,4.0,,2.0,,,
19,19,8a10dc922a4ffff,12175.25,,,,,2.0,2.0,,,6.0,,2.0,,1.0,,6.0,2.0,,,2.0,1.0,2.0,1.0,,0
20,20,8a10dc922b9ffff,3233.5,,,,,,,1.0,,,1.0,,2.0,,,1.0,,,,,,,,,0
21,21,8a10dc924b8ffff,15842.0,,2.0,,,2.0,,7.0,4.0,36.0,2.0,7.0,1.0,,,5.0,1.0,,,,1.0,4.0,,,0
22,22,8a10dc93006ffff,2604.4166666666665,,,,,,,,,,1.0,,,,,,1.0,,,,,,,,0
23,23,8a10dc934387fff,20212.833333333336,,,,,,,,,,,,,,1.0,1.0,1.0,,,,,,,,0
24,24,8a10dc934a47fff,12691.666666666664,,,,,,,8.0,2.0,57.0,5.0,7.0,,1.0,,6.0,,,2.0,,,2.0,,,0
25,25,8a10dc934d07fff,17944.333333333332,998.0,,,,,,,2.0,5.0,,2.0,,1.0,,1.0,1.0,,1.0,,,2.0,,,0
26,26,8a10dc935b47fff,8268.166666666666,,,,,,,,,,,,,,,1.0,1.0,,,,,,,,0
27,27,8a101608171ffff,12864.5,,,,,,,,,,,,,,,,1.0,,,,,,,,0
28,28,8a101608536ffff,5272.0,,,3.0,,,,,,,,,,,,,,,,,,,,,0
29,29,8a1016088367fff,7754.333333333334,,,,,,,,,22.0,,6.0,,,,3.0,,,,,,,,,0
30,30,8a10160884a7fff,5644.666666666666,10.0,,,,4.0,1.0,3.0,2.0,90.0,,7.0,,,2.0,7.0,3.0,,1.0,,,,,,
31,31,8a101608878ffff,5609.5,427.0,,,,,,,,9.0,,,1.0,,,,,,1.0,5.0,,,,,0
32,32,8a101608c327fff,5557.833333333333,847.0,2.0,,1.0,2.0,1.0,3.0,3.0,,2.0,1.0,,1.0,2.0,5.0,5.0,,5.0,,3.0,2.0,,,0
33,33,8a101608dc9ffff,9339.666666666666,173.0,,,,,2.0,,,,,1.0,,,,3.0,,1.0,,,1.0,3.0,2.0,,0
34,34,8a101608e06ffff,5303.0,,,,1.0,2.0,,,,25.0,1.0,1.0,1.0,,,4.0,4.0,,,,,,,,0
35,35,8a101608ead7fff,3927.0,269.0,,,,,,,,5.0,,1.0,,,,,,,,,1.0,,,,0
36,36,8a1016091167fff,11849.833333333334,,,,1.0,4.0,,2.0,2.0,28.0,1.0,5.0,,,,8.0,3.0,,1.0,,,3.0,1.0,,
37,37,8a1016092b1ffff,9932.833333333332,259.0,,,,2.0,1.0,,,,,2.0,,,,3.0,1.0,,,,1.0,3.0,1.0,,0
38,38,8a101609562ffff,13906.5,,,,,2.0,,,,,,,,,2.0,3.0,1.0,,2.0,,1.0,,,,0
39,39,8a101609a38ffff,2623.0,,,,,,,,,,,4.0,,,,,1.0,,,,1.0,,,,
40,40,8a101609d207fff,7166.5,,,,,,,,,3.0,,1.0,,,,1.0,,,,,,,,,0
41,41,8a101609dcdffff,8473.0,,,,2.0,4.0,,2.0,8.0,51.0,1.0,8.0,,,,7.0,5.0,,2.0,,,3.0,1.0,,0
42,42,8a10160a2c67fff,1769.0,,,,,,,,,,,,,,,,,,,,,,,,
43,43,8a10160aaa27fff,7134.166666666666,,,,,4.0,1.0,,3.0,46.0,,7.0,2.0,,,3.0,,,1.0,2.0,,4.0,,,0
44,44,8a10160ac077fff,8881.666666666668,274.0,,,,2.0,,,,7.0,,1.0,,1.0,,2.0,2.0,,,,,4.0,,,0
45,45,8a101646992ffff,2669.4,524.0,,,,,4.0,4.0,,21.0,,3.0,1.0,,,11.0,5.0,,1.0,,,4.0,1.0,,0
46,46,8a101646d61ffff,12911.0,859.0,2.0,,,,1.0,,,,,,1.0,,1.0,3.0,1.0,,,,1.0,3.0,1.0,2.0,0
47,47,8a1016720477fff,10703.333333333334,288.0,,,,4.0,,2.0,,,,3.0,,2.0,,,2.0,,,,,,1.0,,0
48,48,8a101672078ffff,7296.666666666666,,,,1.0,2.0,,1.0,,9.0,2.0,2.0,,1.0,2.0,1.0,2.0,3.0,1.0,,,,,,0
49,49,8a101672171ffff,4262.333333333334,,,,,2.0,2.0,5.0,,5.0,2.0,3.0,3.0,,,4.0,6.0,,,,1.0,2.0,,,0
50,50,8a101672309ffff,6644.166666666668,,,,,4.0,,,,,,3.0,,1.0,2.0,,5.0,,,,,2.0,,1.0,
51,51,8a10167234d7fff,14742.0,,,,,2.0,,,,12.0,,5.0,2.0,,,4.0,4.0,,1.0,,,4.0,2.0,,0
52,52,8a1016723ae7fff,10135.333333333332,,,,,,,,,44.0,,1.0,,1.0,,,,,,2.0,,,,,0
53,53,8a10167248f7fff,11828.666666666668,,,,,,,2.0,,49.0,,4.0,1.0,,1.0,1.0,3.0,,,,,,,,
54,54,8a0bb020416ffff,9287.533333333333,210.0,,,1.0,4.0,,1.0,,3.0,,2.0,1.0,3.0,6.0,3.0,4.0,,1.0,,2.0,,,,0
55,55,8a0bb0221297fff,5235.658333333333,,,,,,,,,,,,,,,,,,,,,,,,
56,56,8a0bb022221ffff,7163.666666666668,,,,,2.0,,,,,,,,1.0,1.0,2.0,1.0,,,,,5.0,,,
57,57,8a0bb02361a7fff,7372.300000000001,460.0,,,,4.0,,1.0,,,,,2.0,1.0,,1.0,2.0,,,,,3.0,1.0,,0
58,58,8a0bb023652ffff,12219.266666666666,,,,,,,3.0,,13.0,,,,,1.0,4.0,3.0,,,,,4.0,1.0,,
59,59,8a0bb02368f7fff,12056.333333333334,720.0,,,,,,2.0,,7.0,,,,1.0,,2.0,3.0,,1.0,,,4.0,1.0,,0
60,60,8a0bb03095b7fff,16632.5,,,,,2.0,,2.0,,4.0,,4.0,,,4.0,7.0,2.0,,,,,3.0,,,0
61,61,8a0bb030c54ffff,13597.5,825.0,,,1.0,2.0,,,,,,3.0,,,4.0,2.0,,,,,,4.0,,,0
62,62,8a0bb030c76ffff,1341.1666666666667,,,,,,,,,,,,,,,,,,,,,,,,
63,63,8a0bb030cb97fff,9853.166666666668,,,2.0,,2.0,,3.0,,,,,,1.0,,,,,,,,,,,
64,64,8a0bb030d647fff,17300.166666666668,,,,,,,,,,,,,,,5.0,,,,,,,,,
65,65,8a0bb031e997fff,12464.166666666668,546.0,,,,2.0,,2.0,,,,2.0,,,2.0,2.0,1.0,,,,,3.0,1.0,,
66,66,8a0bb032956ffff,7955.644444444443,,,,,4.0,,4.0,,12.0,,4.0,1.0,,3.0,6.0,4.0,,2.0,,,,1.0,,0
67,67,8a0bb032a2effff,6693.133333333333,1100.0,,,3.0,2.0,,,,,,,,,2.0,1.0,,,,,,3.0,1.0,,0
68,68,8a0bb034046ffff,7725.6,,,,,2.0,1.0,2.0,,,,3.0,,,,,,,,,,,1.0,,0
69,69,8a0bb0340537fff,15070.083333333334,140.0,,,1.0,2.0,2.0,3.0,,7.0,,9.0,4.0,2.0,,6.0,4.0,,2.0,,1.0,2.0,,,0
70,70,8a0bb03406effff,7916.833333333334,358.0,,,,2.0,,1.0,,,,1.0,,1.0,,1.0,2.0,,,,,2.0,,,0
71,71,8a0bb0342107fff,8709.5,420.0,1.0,,1.0,2.0,2.0,1.0,,2.0,,6.0,6.0,2.0,3.0,4.0,4.0,,3.0,,,,,,0
72,72,8a0bb034212ffff,6453.5,208.0,,,1.0,2.0,3.0,7.0,,2.0,3.0,1.0,1.0,1.0,2.0,1.0,,1.0,1.0,,1.0,,,,0
73,73,8a0bb0342687fff,8697.15,,,,1.0,2.0,,,,,,2.0,,,1.0,5.0,5.0,,2.0,,,2.0,,,0
74,74,8a0bb034444ffff,1655.0,,,,,2.0,,21.0,3.0,16.0,6.0,8.0,8.0,,,2.0,5.0,,2.0,1.0,,,,,0
75,75,8a0bb0344737fff,15737.333333333334,,,,,2.0,,2.0,,60.0,,9.0,1.0,,2.0,4.0,,,,,,,,,0
76,76,8a0bb0344acffff,9467.166666666666,,,,,2.0,,7.0,1.0,19.0,7.0,9.0,1.0,,,4.0,,,,,,,,,0
77,77,8a0bb03457affff,3071.833333333333,360.0,,,,4.0,,3.0,3.0,5.0,,5.0,1.0,1.0,,5.0,1.0,,1.0,,,4.0,,1.0,
78,78,8a0bb03462dffff,13292.75,,,,,,,7.0,3.0,13.0,3.0,2.0,,,1.0,3.0,,,,,,,,,0
79,79,8a0bb034c10ffff,7012.0,20.0,,,,,,,,2.0,,2.0,,3.0,3.0,1.0,,,,,,2.0,,,
80,80,8a0bb034c35ffff,11308.166666666666,360.0,,,,,,,,,,,,,,,,,,,,,,,0
81,81,8a0bb03502b7fff,5312.125,399.0,,,,,,,,1.0,,,6.0,,,,,,1.0,,,,,,0
82,82,8a0bb035066ffff,7108.666666666666,1228.0,,,,8.0,1.0,2.0,4.0,13.0,1.0,8.0,,1.0,2.0,4.0,3.0,,2.0,,2.0,5.0,,,0
83,83,8a0bb0354067fff,12635.833333333332,,,,,2.0,,,2.0,,,,,,,1.0,,,,,1.0,,,,0
84,84,8a0bb036989ffff,11786.333333333332,545.0,,,1.0,,,,,,,3.0,1.0,1.0,1.0,1.0,3.0,1.0,,,,,1.0,,0
85,85,8a0bb036b097fff,17069.833333333332,398.0,,,,,,,,,,,,,,,,,,,,,,,0
86,86,8a0bb03705affff,9726.166666666668,713.0,,,2.0,8.0,,1.0,4.0,9.0,5.0,3.0,,1.0,5.0,1.0,1.0,,,,,2.0,1.0,,0
87,87,8a0bb037129ffff,19655.83333333333,,,,,,,,,1.0,,,,,,,1.0,,,1.0,,,1.0,,
88,88,8a0bb0371a4ffff,10518.833333333334,,,,,2.0,1.0,4.0,,,,3.0,5.0,,5.0,1.0,,,,5.0,,2.0,1.0,,0
89,89,8a0bb0372847fff,7359.333333333334,,,,,2.0,,,1.0,4.0,,2.0,1.0,,2.0,2.0,4.0,,,,,3.0,,,0
90,90,8a0bb037334ffff,8226.833333333334,630.0,,,,2.0,,,,6.0,,3.0,,,,2.0,1.0,,1.0,,,,,,0
91,91,8a0bb037364ffff,7761.5,120.0,,,,,,,,,,,,1.0,,,,,,,,,,,0
92,92,8a0bb03748f7fff,8187.833333333332,,,,,2.0,,,,,,,,,,,,,,,1.0,,,,0
93,93,8a0bb0374b9ffff,9955.5,,,,,2.0,2.0,1.0,,1.0,1.0,,,,2.0,1.0,1.0,,,,,,,,
94,94,8a0bb037606ffff,4063.0,925.0,,,2.0,6.0,2.0,,,,,,,1.0,1.0,,1.0,1.0,1.0,,,2.0,,,0
95,95,8a0bb0376397fff,8748.0,,,,,2.0,,3.0,,15.0,,2.0,1.0,,,5.0,3.0,,,7.0,,4.0,,,0
96,96,8a0bb037694ffff,8878.5,555.0,2.0,,,4.0,3.0,,,,,1.0,1.0,,4.0,2.0,1.0,,,,1.0,,,,0
97,97,8a0bb03a835ffff,2396.833333333333,,,,,2.0,,2.0,,7.0,,4.0,,,1.0,1.0,2.0,,1.0,,1.0,,,,
98,98,8a0bb03abccffff,7449.700000000001,115.0,,,,,4.0,,,14.0,2.0,2.0,,1.0,,3.0,4.0,,3.0,2.0,1.0,,2.0,,0
99,99,8a0bb03ad787fff,7463.833333333334,298.0,,,,2.0,,,,1.0,,2.0,1.0,,,1.0,2.0,,1.0,,,2.0,1.0,,0
100,100,8a0bb0ada857fff,1672.5,662.0,,,,2.0,2.0,,,2.0,,3.0,1.0,2.0,2.0,4.0,,,1.0,,,4.0,,,0
101,101,8a1106000b27fff,1018.8,,,,,,,,,,,,,,,2.0,,,,,,,,,
102,102,8a110600198ffff,3221.833333333334,,,,,,,,,,,,,,,,,,,1.0,,,,,
103,103,8a1106001b67fff,10210.0,,,,,,,,,,,,,,,,,,,,,,1.0,,
104,104,8a110600816ffff,10094.083333333332,,,,,2.0,,4.0,,,,,,,,3.0,1.0,,,,1.0,,,,1
105,105,8a11060088cffff,13246.833333333332,,,,,2.0,,1.0,,44.0,,9.0,,,,6.0,,,1.0,,,2.0,1.0,,
106,106,8a1106009bb7fff,10508.333333333332,,,,,,,,,,,,,,,,,,,,,,,,0
107,107,8a110600b84ffff,11826.833333333332,,,,,,,,,,,,,,,,,,,,,,,,0
108,108,8a110600ca17fff,17867.833333333332,,3.0,,,,,,,9.0,,3.0,,,2.0,,,,,2.0,,,,,0
109,109,8a110600cb37fff,6813.333333333332,,,,,2.0,,,,,,,2.0,,,2.0,1.0,,1.0,,,2.0,,,1
110,110,8a110600e067fff,7593.0,,,,2.0,2.0,,6.0,,4.0,,2.0,,2.0,2.0,1.0,,1.0,,,,,3.0,,
111,111,8a110602369ffff,10826.833333333334,,,,,,,,,,,2.0,,,,,,,,,,,,,
112,112,8a1106024957fff,14892.0,,,,,,,,,,,,,,,,,,,,,,,,
113,113,8a1106029af7fff,7952.5,1520.0,,,,,,1.0,,,,,,,4.0,,,,,,,3.0,,,0
114,114,8a110602a3a7fff,17147.666666666668,,,,,2.0,,3.0,,,,,,,,3.0,1.0,,,,1.0,,1.0,,
115,115,8a110602c0c7fff,2302.6666666666665,420.0,,,,,,,,,,,,,,,,,,,,,,,1
116,116,8a110602c12ffff,7202.333333333334,582.0,,,,,1.0,3.0,,4.0,,1.0,,2.0,,5.0,5.0,,1.0,,,,,,0
117,117,8a11060404affff,15102.5,,,,,2.0,1.0,2.0,,,,,,,1.0,5.0,,,,,,,,,
118,118,8a110604126ffff,8184.916666666668,,,,,,,,,,,,,,,,,,,,,,,,1
119,119,8a110604134ffff,7322.083333333334,,,,,,,,,6.0,,1.0,,,,,,,,,1.0,,,,1
120,120,8a1106043507fff,5142.833333333333,,,,,2.0,,1.0,,1.0,,,,,,2.0,,,1.0,,1.0,,1.0,,0
121,121,8a110604359ffff,14020.0,,,,,,,6.0,,5.0,1.0,1.0,,,,,,,,,,,,,0
122,122,8a1106043987fff,12241.0,612.0,,,,2.0,,,,9.0,,,,,,3.0,1.0,,2.0,,,,1.0,,0
123,123,8a1106045477fff,7419.666666666668,,,,,,,,,,,,,,,,,,,,,,,,
124,124,8a110604578ffff,16250.833333333332,,,,1.0,4.0,,10.0,2.0,20.0,1.0,5.0,,,1.0,8.0,,3.0,,,1.0,,1.0,,
125,125,8a11060458cffff,9910.0,,,,1.0,,,,,32.0,,,,,,2.0,,,,,,,,,0
126,126,8a110604c457fff,8024.0,1165.0,,,,,,,,,,,,,2.0,1.0,,1.0,,,,,,,1
127,127,8a110604eccffff,11475.833333333334,,,,,,,,,,,,,,,,,,,,,,,,0
128,128,8a1106050777fff,10527.333333333332,,,,,,,,,,,,,,,,,,,,,,,,0
129,129,8a110605255ffff,11086.333333333334,,,,,,,,,,,,,,,,,,,,1.0,,,1.0,
130,130,8a110605569ffff,3278.833333333334,,,,,,,,,,,,,,,,,,,,,,,,0
131,131,8a110606046ffff,6271.666666666666,51.0,,,,2.0,,2.0,,,2.0,,1.0,,,,1.0,,1.0,10.0,,6.0,2.0,,1
132,132,8a11060604dffff,13377.166666666668,,,,,,,27.0,4.0,72.0,17.0,7.0,,,2.0,,,,,7.0,,,,,1
133,133,8a110606052ffff,17181.166666666668,136.0,,,,4.0,1.0,3.0,,26.0,4.0,3.0,6.0,,3.0,1.0,2.0,,,,1.0,3.0,,,1
134,134,8a1106060717fff,17026.0,101.0,,,1.0,2.0,2.0,4.0,1.0,20.0,1.0,3.0,,,,1.0,1.0,,1.0,,,,1.0,,1
135,135,8a11060622effff,10330.0,84.0,,,,2.0,1.0,2.0,,,3.0,,,,,1.0,,,,,,,,,0
136,136,8a1106062ab7fff,3114.166666666667,,,,,,,,,,,,,,,,,,,,,,,,0
137,137,8a11060644d7fff,10894.5,,,,1.0,,2.0,7.0,,8.0,3.0,8.0,1.0,,2.0,5.0,3.0,,1.0,3.0,1.0,2.0,1.0,,1
138,138,8a110606595ffff,3407.833333333334,,,,,,,3.0,,,2.0,,,,2.0,,,,,2.0,,,,,
139,139,8a1106066307fff,9489.833333333332,201.0,,,,2.0,4.0,1.0,,,3.0,,2.0,,2.0,1.0,,,,,1.0,,,,1
140,140,8a11060666c7fff,11365.333333333334,,,,,4.0,,15.0,1.0,12.0,,1.0,,,1.0,4.0,,2.0,,,,,1.0,,1
141,141,8a1106066c2ffff,13852.666666666664,,,,,,,,,,,,,,,,,,,,,,,,0
142,142,8a1106068937fff,8294.133333333333,108.0,,,,2.0,,2.0,,,1.0,,,,,2.0,1.0,,,,1.0,2.0,,,0
143,143,8a1106069c5ffff,7182.5,,,,,,,,,,,,,,,,,,,,,,,,
144,144,8a110606ab97fff,11528.666666666666,,,,,,,,,,,,,,,,,,,,,,,,
145,145,8a110606c32ffff,7915.5,450.0,,,1.0,4.0,,,,,,,,,2.0,1.0,1.0,1.0,,3.0,,2.0,1.0,,0
146,146,8a110606e317fff,10415.0,,,,,,1.0,,,,,1.0,,,,3.0,1.0,,1.0,,1.0,2.0,,,0
147,147,8a1106070057fff,8671.833333333334,,,,,,,11.0,,10.0,,1.0,,,,,,,,,,2.0,,,
148,148,8a1106070c57fff,12667.0,,,,,,,,2.0,9.0,,1.0,,,,,,,,3.0,,,,,
149,149,8a110607265ffff,14250.0,,,,,,2.0,,,,,2.0,1.0,,,4.0,1.0,,1.0,,,3.0,1.0,,
150,150,8a1106072b17fff,10123.166666666664,,,,,,3.0,5.0,,5.0,,,,,,4.0,1.0,,,,1.0,,,,1
151,151,8a1106074837fff,6651.416666666666,,,,,2.0,,,3.0,,,,,,,3.0,,,,,1.0,,1.0,,0
152,152,8a1106076437fff,10916.333333333332,1117.0,,,,,,,,11.0,,1.0,1.0,,,,1.0,,1.0,,,,1.0,1.0,0
153,153,8a110607659ffff,14534.666666666668,,,2.0,,2.0,1.0,5.0,,5.0,,3.0,,,,4.0,,,,,1.0,,1.0,,
154,154,8a11060e1317fff,15761.0,,,,,,3.0,2.0,,21.0,,2.0,2.0,,,6.0,4.0,,,,,,,,0
155,155,8a11060e132ffff,3554.833333333333,1922.0,,,,,1.0,,,,,,,,,1.0,,,,,,,,,0
156,156,8a110610b287fff,10073.5,,,2.0,,,,,,,,,,,,,,,,,,,,,0
157,157,8a11061488effff,10777.833333333334,,,,,,,,,,,,,,,1.0,,,1.0,,,,,3.0,
158,158,8a110614a207fff,4081.5,,,,1.0,,,21.0,6.0,,12.0,1.0,,,,,,,,2.0,,,1.0,,
159,159,8a110614aae7fff,6366.0,190.0,,,2.0,2.0,4.0,8.0,,7.0,1.0,2.0,,,,6.0,,,2.0,,,4.0,,,0
160,160,8a110614b35ffff,3274.883333333333,329.0,,,2.0,2.0,1.0,,,12.0,3.0,4.0,,,,1.0,1.0,,,6.0,1.0,4.0,1.0,,0
161,161,8a110614bb8ffff,16228.166666666664,92.0,,,,,,1.0,,1.0,,2.0,1.0,,,,,,1.0,2.0,,2.0,1.0,,0
162,162,8a110614bb9ffff,7999.666666666666,21.0,,,,2.0,,6.0,,,3.0,1.0,,,1.0,2.0,2.0,1.0,1.0,,,2.0,1.0,,0
163,163,8a110614c077fff,8762.833333333334,,,,,2.0,,,,,,,,,,,,,,,,2.0,,,
164,164,8a110614c607fff,10450.833333333334,,,,,,1.0,2.0,,1.0,,,,1.0,,3.0,1.0,,,,1.0,,,,1
165,165,8a110614eb87fff,14512.166666666668,414.0,,,,,,4.0,,,,,,,,,,,,,,2.0,,,1
166,166,8a110615088ffff,5341.0,,,,,,,1.0,,,,,,,,2.0,,,,,,2.0,,,
167,167,8a1106152c17fff,13222.166666666668,748.0,,,,,,1.0,,11.0,,3.0,,,3.0,3.0,4.0,,,,1.0,,,,0
168,168,8a1106153137fff,9451.083333333334,,,,,,,2.0,,,,,,,,,,,,,,,,,1
169,169,8a110615362ffff,5927.0,,,,,2.0,2.0,5.0,2.0,27.0,,3.0,,,2.0,5.0,2.0,,,3.0,,3.0,,,1
170,170,8a1106153d07fff,13351.5,,,,,,,,,,,,,,2.0,,,,,,,,,,0
171,171,8a1106154c2ffff,4762.666666666666,,,,,2.0,,,1.0,,,,,,,1.0,,,1.0,2.0,,2.0,,1.0,0
172,172,8a1106154db7fff,21314.33333333333,,,,,2.0,,3.0,,21.0,,9.0,,1.0,,4.0,,,,3.0,,,,,
173,173,8a1106156067fff,14243.333333333332,,,,,,,1.0,,1.0,,,,,,4.0,,,,,,,1.0,,
174,174,8a110615814ffff,12770.833333333332,,,,,2.0,,5.0,,2.0,,2.0,,,1.0,1.0,,,1.0,,1.0,2.0,,,
175,175,8a11061594affff,3248.5,,,,,,1.0,6.0,,,,,,,,,,,,,,,,,
176,176,8a110615bb27fff,11523.966666666667,,,,,,,,,,,,,,,,,,,,,,,,
177,177,8a110615e76ffff,7672.0,,,,,,,6.0,,40.0,,3.0,,,,4.0,1.0,,,,,,,,1
178,178,8a11061767a7fff,12160.0,,,,,2.0,,,,,,,,,1.0,2.0,2.0,,,,,,,,
179,179,8a1106a80077fff,3050.0,,,,,,,,,,,,,,,,,,,,,,,,1
180,180,8a1106a804e7fff,12161.166666666668,,,,,2.0,1.0,6.0,,,,1.0,,,,4.0,,,,,1.0,,1.0,,1
181,181,8a1106a807b7fff,4656.5,,,,,,1.0,5.0,,,,1.0,,,,1.0,1.0,1.0,1.0,8.0,2.0,,,,1
182,182,8a1106a80a07fff,7552.333333333334,2332.0,,,1.0,5.0,,,2.0,12.0,,1.0,4.0,,,1.0,1.0,,1.0,4.0,1.0,2.0,,,1
183,183,8a1106a80b6ffff,4429.666666666667,,,,,,,,,,,,,,,,,,,,,,,,1
184,184,8a1106a811affff,14108.833333333332,,,,,,,,,,,,,,,,,,,,,,,,
185,185,8a1106a815b7fff,9723.208333333334,,,,1.0,,1.0,,,43.0,,3.0,,1.0,,1.0,,2.0,,,,2.0,,,1
186,186,8a1106a83057fff,13836.5,,,,,2.0,,,,,1.0,,,,,2.0,1.0,1.0,,,,2.0,,1.0,0
187,187,8a1106a86197fff,12322.833333333332,,,,,2.0,,,,,,,,,,2.0,,,,,,,,,0
188,188,8a1106a906dffff,8819.333333333334,,,,1.0,,1.0,,,36.0,,1.0,,,,4.0,2.0,,,,,,1.0,,
189,189,8a1106a9391ffff,12522.5,,,,,2.0,,4.0,2.0,,,1.0,,,,3.0,,,,,,3.0,1.0,,1
190,190,8a1106a95d77fff,10202.25,,,,,2.0,,3.0,,,,,,,,3.0,,,,,,,2.0,,1
191,191,8a1106a98a47fff,20679.166666666668,,,,,2.0,,,,,,,,,,,,,,,,,,,1
192,192,8a1106a9a30ffff,8979.666666666666,,,,,,,,,,,,,,,,,,,,,,,1.0,
193,193,8a1106a9b81ffff,4403.333333333334,,,,,,1.0,,,,,,,,,2.0,,,,,1.0,,,,
194,194,8a1106a9c447fff,9703.333333333334,264.0,,,,2.0,1.0,2.0,1.0,3.0,1.0,2.0,,1.0,2.0,4.0,4.0,2.0,1.0,,3.0,2.0,1.0,,0
195,195,8a1106a9cb8ffff,12377.333333333336,,,,1.0,2.0,,6.0,2.0,10.0,2.0,3.0,,,,3.0,1.0,,,3.0,,2.0,,,0
196,196,8a1106a9d56ffff,14902.0,,,,,,,,,4.0,,,,,,3.0,,,,,,2.0,,,0
197,197,8a1106a9e397fff,9874.333333333334,,,,1.0,,,6.0,,42.0,,6.0,,,2.0,2.0,,,1.0,,,,,,0
198,198,8a1106a9eb87fff,8592.583333333334,,,,,,,,,,2.0,,,,,,,,,,,,,,0
199,199,8a1106aa254ffff,18515.33333333333,,,,,2.0,,,,,,,,,,3.0,2.0,,,,,,1.0,,0
200,200,8a1106ab0c77fff,12457.25,,,,,2.0,,6.0,,,,1.0,,,,5.0,,,,,1.0,,,1.0,0
201,201,8a1106ab1c2ffff,3860.0,529.0,,,,,,,,,,,,,2.0,1.0,1.0,,,,,2.0,,,0
202,202,8a1106ab1d9ffff,10166.0,571.0,,,1.0,2.0,2.0,3.0,,7.0,2.0,3.0,3.0,,1.0,2.0,6.0,,2.0,,,2.0,,,0
203,203,8a1106ab20e7fff,7926.166666666666,,,,,,1.0,1.0,,10.0,,,,,2.0,,1.0,,1.0,,,,,,1
204,204,8a1106ab3527fff,10094.166666666666,,,,,,,2.0,,,,,,,,2.0,,,,,1.0,,,,
205,205,8a1106ab382ffff,1319.8333333333333,1004.0,,,,2.0,,2.0,,1.0,,,,,,1.0,1.0,,,,,4.0,,,1
206,206,8a1106ab3987fff,10309.083333333332,,,,1.0,,,3.0,2.0,45.0,,7.0,,,1.0,4.0,1.0,,,2.0,,,,1.0,1
207,207,8a1106ab3cdffff,4169.333333333334,,,,1.0,,,3.0,,27.0,,2.0,,,,2.0,,,,,,,,,
208,208,8a1106ab44d7fff,1164.3166666666666,1193.0,,,,,,,,,,,,,,,,,,,,,,,1
209,209,8a1106ab5727fff,7628.333333333334,,,,1.0,,,5.0,3.0,3.0,,4.0,1.0,,,1.0,,,,2.0,1.0,,,,1
210,210,8a1106ab618ffff,10523.666666666666,,,,,2.0,2.0,,,3.0,,,,,,6.0,1.0,,,,,2.0,,,1
211,211,8a1106ab67a7fff,2535.833333333333,,,,,,,,,,,,,,,,,,,,,,,,1
212,212,8a1106ab6807fff,11759.75,,,,,,1.0,6.0,,19.0,,4.0,,,4.0,4.0,,,,4.0,,2.0,1.0,,1
